0.818201503047, 1.452838085062, 0.020314365303, 0.600049928818, 0.016442929672, 0.291160012156, 0.007944437436, 1.452775212388, 0.076800411579, 1.460341003127, 0.071675964136, 1.453525699950, 0.074639241007, 0.243036245922, 0.424885626211, 0.028340962295, 0.000759668033, -0.005961836657, 0.039075197813, 0.552724529918, 0.287076532081, 0.029229370445, 0.000791192221, -0.003025998005, 0.013539818580, 1.790205324508, 
-0.033637084676, 0.005326670068, 0.001001779358, 0.003099386453, 0.001160995854, 0.001973391886, 0.000740066623, 0.005592532473, 0.003740641159, 0.005894355769, 0.004283337538, 0.005843380382, 0.003841556817, -0.026892799100, 0.316855537432, 0.000156693358, 0.000058708778, -0.002202114575, 0.024097043459, -0.609417864786, 1.198378889767, 0.000095846837, 0.000034705742, -0.016879930018, 0.033007196717, 0.006060483456, 
0.432790544839, 0.732845536035, 0.010959413901, 0.486280033134, 0.014326590321, 0.257473524265, 0.007606280855, 0.732488955302, 0.044421849671, 0.732144076817, 0.047238143008, 0.732250532831, 0.045761295315, 0.245427214958, 0.227449875600, 0.024011890722, 0.000703196125, -0.002026993297, 0.020497742333, 0.347431663594, 0.555489454986, 0.020902125076, 0.000618076151, -0.006247006588, 0.023532534127, 0.856955378912, 
-0.891364363819, 5.358686164114, 0.031823301467, 3.605293310403, 0.041956291349, 1.570891248090, 0.017919347226, 5.359316013415, 0.134672398079, 5.373450641045, 0.132900130415, 5.350680394187, 0.126307351490, 0.102608333415, 2.922064232121, 0.070830978727, 0.000809381562, -0.066406707849, 0.126191397459, 2.252389365547, 2.134160849321, 0.089358733639, 0.001036104043, -0.034534623709, 0.051865574862, 5.848964289651, 
0.985755378005, 7.533107861472, 0.046951192073, 5.985698993239, 0.071923497654, 3.264908392437, 0.038600108492, 7.577425750328, 0.159380927201, 7.528583089898, 0.196657122064, 7.536003451782, 0.194019139325, 2.684432233295, 1.901759668400, 0.183370726413, 0.002098128618, -0.035565949855, 0.104842367427, 4.731652488770, 1.923061351977, 0.151532609064, 0.001787020528, -0.032797059913, 0.048143507489, 8.194471577033, 
0.263443677879, 0.609402231669, 0.010747251815, 0.485988913393, 0.017084090641, 0.243579530761, 0.008561797231, 0.610687374715, 0.046606177114, 0.605724980363, 0.049041165873, 0.608274082829, 0.045379675675, -0.522850187739, 1.937752307671, 0.011359081565, 0.000401010299, -0.035102793967, 0.087981715901, -0.557512928222, 1.582042313659, 0.011163412133, 0.000387939388, -0.023800716155, 0.035866195636, 0.654262028552, 
0.497551388618, 2.100072429695, 0.019691592307, 1.912494820471, 0.035483886259, 0.848964537126, 0.015606167257, 2.110762557279, 0.089901700783, 2.089004226584, 0.105081040130, 2.095635507368, 0.094184354933, 0.139483122551, 1.860272898544, 0.041023440421, 0.000744794162, -0.034372678390, 0.088320726923, 1.318144075841, 1.316409213641, 0.050850212353, 0.000945202447, -0.016061903612, 0.034751104113, 2.156075630369, 
0.715117109130, 4.772353272430, 0.034900141733, 3.966529555154, 0.056502773196, 2.036797111937, 0.029417904934, 4.798314012212, 0.117330250278, 4.795398553597, 0.127061905697, 4.785411948948, 0.149718827941, 1.602003367793, 1.683271941338, 0.094282600504, 0.001402228147, -0.021569603613, 0.076069277488, 3.097417552369, 1.889764763615, 0.088604371626, 0.001248410247, -0.020184618487, 0.041842169528, 5.063221602216, 
-1.135715916673, 11.339086255571, 0.054792167716, 9.523946147488, 0.088674835678, 5.308199329739, 0.050102288835, 11.317424341891, 0.217663629842, 11.270275668213, 0.225572114586, 11.315002408447, 0.216896163893, 4.407989834680, 2.601532498702, 0.283860116475, 0.002671660123, -0.054526527198, 0.135794773745, 8.444725604623, 2.000239565665, 0.222831831126, 0.002034944697, -0.027432503564, 0.046353972120, 11.779588993622, 
1.045270701864, 9.223526234349, 0.043923544442, 8.646152252921, 0.078480549307, 2.788361660296, 0.025953766181, 9.264475175529, 0.219081594545, 9.244191733217, 0.200246188001, 9.229294903718, 0.242716418251, 0.248234287573, 4.050802965985, 0.100463392151, 0.000946262507, -0.091637350351, 0.143936153102, 6.789002738006, 2.723082524036, 0.207665958401, 0.001832272953, -0.045772283909, 0.065067159548, 9.350610930122, 
-0.101718924166, 0.057534767696, 0.003181214800, 0.036491282373, 0.004007995418, 0.020900570026, 0.002292943888, 0.056500829466, 0.013494420257, 0.055219518021, 0.013211355839, 0.054261364566, 0.013188603970, -0.232465958427, 0.948898623169, 0.001417354092, 0.000155713539, -0.016560712953, 0.061824291778, -0.423092099675, 0.997144062360, 0.001040014072, 0.000114978683, -0.012806237516, 0.027731279517, 0.065987149110, 
-0.327582588720, 0.616435554211, 0.010474136512, 0.508972390241, 0.017297444924, 0.271847200203, 0.009281723301, 0.620078853986, 0.040950980618, 0.618866280430, 0.044755203750, 0.625082952543, 0.043386353379, 0.208674967786, 0.518619704794, 0.021406481131, 0.000746555711, -0.005402392274, 0.039487703922, 0.388183579730, 0.478609960662, 0.018467219938, 0.000630070495, -0.004609594192, 0.017100888334, 0.649922573227, 
-1.523719316721, 18.077247673130, 0.072060993615, 15.364248456081, 0.115606586735, 9.829299455291, 0.074873328108, 18.081728053258, 0.315526874553, 18.074029446712, 0.262816075713, 18.113264215006, 0.297035902482, 9.667552920711, 1.725995756508, 0.667687740778, 0.005099073493, -0.028667079940, 0.113828743097, 13.503045422299, 2.848327069584, 0.378340386814, 0.002706044206, -0.049160903576, 0.069131092888, 18.608578355637, 
1.272001276303, 13.463142099864, 0.062506337229, 11.472640039208, 0.103776384760, 5.999561754351, 0.054403412001, 13.446243785081, 0.250836484898, 13.465439167232, 0.235901381803, 13.484587669564, 0.263966495960, 5.321396711354, 2.316374662030, 0.318117571903, 0.002959669123, -0.040534323310, 0.120811035145, 10.298425284443, 2.023701227566, 0.288107229048, 0.002530518783, -0.031240319778, 0.050613140677, 14.243488694207, 
0.903980599884, 8.889587180608, 0.044975151301, 8.267415921229, 0.081015748926, 3.492339627027, 0.033756061520, 8.869681124597, 0.210712182887, 8.865128835020, 0.253022465778, 8.895796424121, 0.235690336888, 1.526915748628, 3.709938071872, 0.126476169032, 0.001209052975, -0.071928153595, 0.132759985570, 5.875764069860, 2.768799234297, 0.171360387168, 0.001659843715, -0.050539940560, 0.057109952010, -20.078334490081, 
0.090194518879, 0.094000407379, 0.004225064281, 0.089080767710, 0.007987241141, 0.047776770439, 0.004269465525, 0.093855129281, 0.022775844936, 0.092600647121, 0.023629120267, 0.093587625682, 0.022464539004, -1.150066653657, 2.458564480088, 0.002126415146, 0.000189793042, -0.052610214137, 0.107920666664, -2.095817611640, 2.576021176794, 0.001829332983, 0.000163721350, -0.044478473670, 0.052446730126, 0.094823156653, 
1.366228241441, 7.393902928707, 0.055131864956, 4.289106196410, 0.059143912592, 2.606420982477, 0.034315853453, 7.386081469573, 0.157664840549, 7.419461754029, 0.156909301122, 7.396659754728, 0.145150010525, 2.559546155499, 0.744904900414, 0.232624345564, 0.002739117904, -0.009132402961, 0.064533204494, 4.058673431465, 0.803028691892, 0.149517474279, 0.001925206251, -0.009565590522, 0.027686794959, 9.310492070733, 
1.210957955650, 14.634339624278, 0.057293526859, 14.009295452196, 0.109064966167, 8.290370241022, 0.064725629341, 14.622963234110, 0.332877583212, 14.620578628515, 0.404609241983, 14.646465260526, 0.353867144528, 6.865547295855, 3.168613958414, 0.458315455829, 0.003799070368, -0.083132383843, 0.172705262022, 11.830595013730, 3.245229451353, 0.317832900646, 0.002523925542, -0.050858292081, 0.073243458880, 14.826860339074, 
-0.766070856062, 4.504034732060, 0.027238912534, 3.344010467188, 0.039229212141, 2.122979119170, 0.025044268766, 4.515499520066, 0.110052323416, 4.504813518576, 0.128040441653, 4.515689884320, 0.111422556052, 1.885751546850, 1.240375783225, 0.133051123148, 0.001622013546, -0.018501017181, 0.075282899100, 1.347820408566, 2.875252558235, 0.075476397178, 0.000876928339, -0.045435970697, 0.064151344414, 4.768440804681, 
0.064438369254, 0.035031897632, 0.002838065642, 0.033768401377, 0.005435822742, 0.012706868202, 0.002048865988, 0.035882783058, 0.014675002169, 0.037163873730, 0.014901716673, 0.036402171141, 0.014949583217, -0.838565743010, 2.045691624402, 0.000549394721, 0.000088654763, -0.036329898444, 0.087297364920, -0.605430356425, 1.328503860477, 0.000914095122, 0.000145207755, -0.017026572872, 0.035318467892, 0.035291204198, 
1.573595238531, 27.600071281539, 0.083605053964, 26.303400396129, 0.147895690949, 12.917863095859, 0.073239990073, 27.668500286154, 0.477603366686, 27.683267555298, 0.501134782599, 27.565630023251, 0.498824608704, 9.229182087977, 5.369441400887, 0.525524253664, 0.002967351069, -0.154612408236, 0.215638924693, 22.089209977705, 4.330146886948, 0.540146703321, 0.002939090872, -0.089073101936, 0.088287316914, 9.807633878594, 
-0.638274420442, 3.354747033296, 0.026119244711, 2.997522768374, 0.045475484298, 1.661160898718, 0.025003450807, 3.358988555504, 0.099066081780, 3.361293523674, 0.117895399306, 3.362761382899, 0.122299780074, 1.388981165725, 1.175972843984, 0.101214546241, 0.001511551823, -0.018375109792, 0.070089886112, 2.263486637128, 1.471585246059, 0.080667813911, 0.001216181813, -0.020401781088, 0.038989570553, 3.450082928203, 
0.921795013342, 3.156458973400, 0.032805640518, 1.491146273118, 0.029559044044, 1.058171649498, 0.020718490673, 3.130774683183, 0.113231260321, 3.152515983490, 0.097063067027, 3.156021715518, 0.109812465402, 1.041199367407, 0.507147905377, 0.098441875186, 0.001872709105, -0.005241376550, 0.045273668017, 0.297486563241, 2.177624878444, 0.039514958322, 0.000766307806, -0.031751381424, 0.056980718964, 4.181207444515, 
-0.000651539462, 0.000033996883, 0.000138419282, 0.000146368949, 0.000229671435, 0.000071565551, 0.000112445889, 0.000169256518, 0.000674102673, 0.000216431377, 0.000633999450, 0.000134549887, 0.000747964605, -0.271517810662, 0.985477452319, 0.000004612650, 0.000007237648, -0.016940659902, 0.061472070804, -0.216210559513, 0.673431571790, 0.000013964761, 0.000010454357, -0.006906544518, 0.021479073144, 0.000002810262, 
-0.718892574850, 3.262629754185, 0.026425005391, 2.542329541006, 0.041263680627, 1.259808523947, 0.020654686146, 3.271784567049, 0.094172570597, 3.263339462165, 0.111127885500, 3.255029190402, 0.093288080531, 1.082802888839, 0.970160996621, 0.078913623785, 0.001320689219, -0.013108043532, 0.059035786545, 2.190900253752, 0.949742648301, 0.079161106128, 0.001303256704, -0.012005114591, 0.028911382726, 3.463012811962, 
0.917668783110, 8.084856726585, 0.044504376169, 7.877898851809, 0.085245527595, 4.410593906785, 0.047702344184, 8.078616114346, 0.264335716175, 8.116388972623, 0.292459408874, 8.095519262173, 0.292408643952, 4.008405117058, 1.660710343088, 0.247724109492, 0.002724153374, -0.024631698172, 0.092420116094, 6.425057913016, 1.972224456751, 0.194666157288, 0.002072248183, -0.036560297011, 0.048580577636, -12.226672732793, 
0.093927791479, 0.038984736381, 0.002975191738, 0.021576062342, 0.003223322916, 0.014034208722, 0.002102083061, 0.040583280580, 0.011292283919, 0.039657286734, 0.010572083373, 0.039911112391, 0.011287525348, -0.041332145935, 0.431542643703, 0.001188499378, 0.000178245769, -0.004523687087, 0.034854796388, -0.570521137115, 1.221379809255, 0.000629366509, 0.000093018289, -0.016784041345, 0.034565565342, 0.045960025151, 
1.552424803936, 19.456711643090, 0.075194457584, 17.084362442882, 0.123800884353, 6.521153852524, 0.047672288933, 19.469397675364, 0.295700068974, 19.413641002865, 0.310546554886, 19.417514713699, 0.349374244073, 4.597458460525, 3.834882260122, 0.268869268582, 0.001956621612, -0.082193785506, 0.155562687714, 16.019853374155, 2.035515346848, 0.426345801203, 0.002947792253, -0.029540441044, 0.050107113549, 20.055784062438, 
-0.647134654313, 1.601810588041, 0.018712834143, 0.939768819393, 0.021510707058, 0.663685081705, 0.015150957622, 1.595690908907, 0.066972529927, 1.599992041144, 0.066058392689, 1.608507785749, 0.061397174884, 0.644064992805, 0.400829840335, 0.075271684295, 0.001709290148, -0.005937830159, 0.043102594226, 0.548056520380, 1.159073428055, 0.030351927864, 0.000685457980, -0.012962407572, 0.036921666982, 1.806590226675, 
-0.352864561367, 1.083051766592, 0.013774543834, 0.983513520779, 0.025052887068, 0.686894099942, 0.017456573993, 1.079990548511, 0.063379526912, 1.076610538936, 0.060164294487, 1.075329491184, 0.056042849731, 0.575807702603, 0.717711986412, 0.050786641070, 0.001304112066, -0.008985764220, 0.052031677845, -1.315394831633, 2.915873034526, 0.021743471911, 0.000558847042, -0.050601465292, 0.063918992902, 1.111130229047, 
0.632001577880, 2.539397896791, 0.021291306557, 1.981343260695, 0.033060750374, 1.056411474934, 0.017533160870, 2.538050857416, 0.086574636224, 2.533859846440, 0.093330824878, 2.534879667485, 0.100872050142, 0.817423937731, 1.083770800338, 0.070406440425, 0.001152240916, -0.017217244210, 0.070198936445, 1.467630968446, 1.164361744099, 0.060968286342, 0.001019499752, -0.016359999315, 0.035291422061, 2.772992000195, 
0.801304369097, 1.456306892703, 0.020882076175, 0.569344251136, 0.015894159154, 0.344849655630, 0.009499936832, 1.452148807809, 0.080010863637, 1.468125298575, 0.068532690958, 1.465219071268, 0.076129035089, 0.347033100077, 0.272347890107, 0.038087676362, 0.001015155552, -0.001981844726, 0.028305207970, 0.454763929678, 0.470586603355, 0.023992623735, 0.000665775926, -0.005310881386, 0.019251890207, 1.863484391748, 
0.264669626757, 0.757793514795, 0.012119386100, 0.656274243330, 0.020809064554, 0.365793691379, 0.011617525135, 0.761661973184, 0.051803751099, 0.762040742537, 0.050725119931, 0.756334269590, 0.057483340529, -0.248534214851, 1.805963910664, 0.016629885219, 0.000524817510, -0.027700814908, 0.080371264047, -1.056555287251, 2.305425498759, 0.013055286105, 0.000409452690, -0.033897189620, 0.045424437619, 0.790619549472, 
-0.605644525770, 1.986418247941, 0.020869984065, 1.078277824783, 0.022503704339, 0.575616524161, 0.012154115017, 1.993761595845, 0.080744380449, 1.986628249349, 0.074001523469, 1.978545638280, 0.080636741055, 0.228871781832, 1.297855276507, 0.032276817884, 0.000690550906, -0.020034874761, 0.069151251972, 0.301486574730, 1.412288027734, 0.027383916726, 0.000571008526, -0.019876733572, 0.034995635503, 2.239226692359, 
-0.131248697164, 0.064356111837, 0.003257408526, 0.046975230823, 0.004818578132, 0.027501973569, 0.002832821290, 0.062585356324, 0.013721430192, 0.063651467400, 0.013926565366, 0.062006859408, 0.015009118876, 0.008671275666, 0.197704678581, 0.003264697812, 0.000336887120, -0.002277220032, 0.022681533871, -0.075502300721, 0.407825068522, 0.002279212320, 0.000232548362, -0.005842286140, 0.019212699709, 0.071928624777, 
0.367487991511, 1.290935066583, 0.015166704240, 1.187483384200, 0.027817690665, 0.479038104621, 0.011240198023, 1.303193622445, 0.067664043194, 1.296992008252, 0.070851865928, 1.279678289097, 0.081979036687, -1.057863976660, 2.933296263432, 0.018864973233, 0.000446187679, -0.059859611498, 0.113680841605, -0.187406319193, 1.840688233640, 0.027678922717, 0.000646561847, -0.032013303108, 0.042480058421, 1.317462651035, 
-0.637402299489, 4.109221019104, 0.029208939719, 3.429307193632, 0.048445234399, 2.081981495044, 0.029433566909, 4.095456240968, 0.118239314919, 4.102550415195, 0.127570799338, 4.098880206684, 0.114976357953, 1.531597783195, 1.902984347689, 0.106136025154, 0.001512973000, -0.030075802323, 0.094602374904, 0.938687808077, 2.948549271143, 0.067749926306, 0.000950549039, -0.049379529498, 0.057607896411, 4.292377755252, 
-0.149035788590, 0.185253775555, 0.006349873226, 0.165655131253, 0.011274321893, 0.081861782851, 0.005573671082, 0.184026764450, 0.025751911031, 0.187513031944, 0.028323069431, 0.186669569925, 0.025932411535, -0.285916272422, 1.259185622422, 0.004417969943, 0.000300312831, -0.019556153960, 0.066657760749, -0.468023886514, 1.226239719898, 0.004488291780, 0.000306042204, -0.017010986381, 0.032799247504, 0.191346642783, 
0.006180694596, 0.000303958184, 0.000255929657, 0.000482868323, 0.000544872095, 0.000225259469, 0.000254240060, 0.000388143766, 0.001203576685, 0.000349131487, 0.001676433127, 0.000617152994, 0.001353894121, -0.242523775037, 0.972320791834, 0.000013751787, 0.000015547629, -0.014573020639, 0.058370824578, -0.321510478170, 0.792374556856, 0.000025078509, 0.000019051252, -0.010312563426, 0.025345374758, 0.000280763893, 
-1.075117743867, 7.514306400744, 0.039837833382, 6.707762174060, 0.068253208210, 3.008506245527, 0.030404024821, 7.555640244453, 0.178463586166, 7.536881800419, 0.181416662608, 7.522414862412, 0.172932157527, 2.698850797423, 1.429285248206, 0.186857551227, 0.001898334652, -0.023175912088, 0.087096010920, 6.397903499762, 1.101274935647, 0.225868283573, 0.002233137007, -0.012614733237, 0.036523899708, 7.742445527269, 
1.083789756270, 13.396734500284, 0.063765606818, 12.132340705651, 0.112029949704, 5.239847386329, 0.049350494762, 13.408376666995, 0.242302013937, 13.408643604077, 0.250261884463, 13.427860154433, 0.258902065502, 1.960457930911, 4.890313052930, 0.179344967421, 0.001722368539, -0.113152704084, 0.165201475462, 8.587920387856, 4.037566006461, 0.233297146989, 0.002134282067, -0.069240333062, 0.077280628130, -23.982033679267, 
-0.668590404832, 3.827626777784, 0.027174478214, 3.605779853072, 0.051063263904, 1.808147007550, 0.025885054069, 3.835361224012, 0.134239095258, 3.806872337779, 0.159256444360, 3.830283043702, 0.151972241074, 1.136652349129, 1.907149562750, 0.100490742487, 0.001454632120, -0.038306176270, 0.104229647398, 2.828332592159, 1.349395295689, 0.099123416332, 0.001394261074, -0.021960827806, 0.036695070764, 3.881423413356, 
-0.390173773787, 1.151217345394, 0.016000608062, 1.039105384933, 0.028538840766, 0.563087687385, 0.015420812935, 1.154017406659, 0.061319143746, 1.147213207403, 0.071832864113, 1.158413072798, 0.071256830205, 0.393057617068, 0.896531431110, 0.037067359662, 0.001009864677, -0.011720793622, 0.057880242332, 0.529809085771, 1.061595498143, 0.030978267311, 0.000840899915, -0.015322023102, 0.031282541119, 1.185537113711, 
1.070710698019, 11.827045352330, 0.052075954736, 11.171939503096, 0.096255423140, 5.515259254414, 0.047042887735, 11.814923929237, 0.253659748722, 11.836324761228, 0.293466194241, 11.803132804935, 0.301716235274, 4.336209081897, 3.193398118985, 0.247612539579, 0.002139386614, -0.055546364677, 0.141552067836, 9.114340729319, 2.713238345485, 0.251973074733, 0.002114188929, -0.047701854551, 0.060765908159, 12.022756987248, 
-0.144396791250, 0.143276878409, 0.005304110395, 0.127517159774, 0.009440189210, 0.051733248992, 0.003843981981, 0.141365001093, 0.022158924887, 0.146235921353, 0.022312704747, 0.142671217107, 0.024266809433, -0.231648985377, 1.110137638451, 0.002766336575, 0.000205228868, -0.014939635324, 0.058286169390, -0.084912859082, 0.650843090116, 0.004038476878, 0.000297550272, -0.006682130930, 0.020249675763, 0.147772600905, 
1.709387924458, 28.599873062584, 0.088028247978, 27.666226843120, 0.166483032395, 12.447205645146, 0.077578336315, 28.575715627876, 0.561367616169, 28.631469424867, 0.555220647792, 28.610481451977, 0.595194488952, 9.957562103713, 4.590268531630, 0.534199916110, 0.003627521081, -0.110732628413, 0.195188646069, 24.996287367178, 3.291750511445, 0.644252738086, 0.003980096783, -0.065104303706, 0.075820749724, -25.302052834805, 
-0.844186418790, 2.798023730578, 0.024630128054, 1.670451305677, 0.028334559748, 0.897645652557, 0.015356060528, 2.803261897789, 0.092148788288, 2.788740365522, 0.095943523792, 2.792333009257, 0.088295268758, 0.807506349947, 0.683881650280, 0.076651092041, 0.001275523266, -0.011058200706, 0.055264178446, 1.592084765369, 0.470626454513, 0.064161807356, 0.001051163765, -0.004290150239, 0.017645060063, 3.117100594963, 
-0.195674526465, 0.225648107967, 0.007246412628, 0.157055283536, 0.010182968552, 0.102187680857, 0.006619948307, 0.224444289670, 0.026258947149, 0.225792498417, 0.025444066881, 0.223168827017, 0.028283644965, 0.103702517100, 0.029003865281, 0.008134082601, 0.000525794123, -0.000180996719, 0.002258945718, -0.547288296783, 1.406899635042, 0.004279732008, 0.000276726913, -0.018951935766, 0.037717217723, 0.252404177125, 
1.083985741867, 11.888205049937, 0.052112775219, 10.608447157488, 0.088558783132, 4.657682360105, 0.039451947326, 11.897255507911, 0.234205131702, 11.901759177988, 0.242786060878, 11.900270954104, 0.249893954272, 2.061235429631, 4.317961803089, 0.180284943119, 0.001597893839, -0.101653836254, 0.164716513152, 7.832958534892, 3.499324107157, 0.227650081679, 0.001843834092, -0.060690470173, 0.074532636783, 12.211305334965, 
0.262616169897, 0.621395032688, 0.012410642549, 0.562347382772, 0.022314455526, 0.304438432177, 0.012102470297, 0.623948526215, 0.048842744899, 0.621243085963, 0.054942129137, 0.612001156736, 0.058865497795, -0.174950528674, 1.445574014443, 0.016839010616, 0.000668449200, -0.026316318068, 0.078480091301, -0.348206847435, 1.373182506114, 0.014126469457, 0.000556198884, -0.022792407993, 0.034131104010, 0.642591575844, 
0.732223064818, 3.671214579610, 0.033394401999, 3.127613750237, 0.055803460415, 2.192299860018, 0.038804536575, 3.678245602946, 0.118221415484, 3.676709492565, 0.131097725783, 3.660634570108, 0.124206642126, 2.177979236481, 0.456825735320, 0.192015335285, 0.003395277818, -0.005071580401, 0.039222449289, 2.075953710709, 2.136065981293, 0.081545082038, 0.001441182542, -0.027778144821, 0.055327795727, 3.958755683458, 
-0.703013576768, 2.645980559142, 0.023072615367, 2.009300602511, 0.034787944062, 1.231222559643, 0.021367808843, 2.646566271944, 0.099337605939, 2.653601164803, 0.094998103138, 2.646048380033, 0.087844003917, 1.202373516515, 0.535897444707, 0.110002019307, 0.001867522706, -0.006438412106, 0.046089050715, 1.726876249106, 0.890231364434, 0.068332727861, 0.001180169028, -0.010543868620, 0.029512395074, 2.843645984287, 
0.448466207495, 1.934181318341, 0.019942200990, 1.675533990447, 0.034227037468, 0.804523159778, 0.016446120371, 1.923662060095, 0.084534975833, 1.926898905972, 0.086773159832, 1.931094050026, 0.087378149796, -0.523455809115, 2.700087541143, 0.035433632882, 0.000721877748, -0.058017291531, 0.116336411136, 0.406807477732, 1.907055076602, 0.037849689304, 0.000766412852, -0.028743971443, 0.042694323037, 2.024740473689, 
0.704213674682, 5.291474209758, 0.031490219102, 5.179385178589, 0.060652368169, 2.684622928025, 0.031148763973, 5.299553932152, 0.241238650428, 5.310481828507, 0.252935389392, 5.300388355142, 0.279929171790, 1.503028446972, 2.581252177034, 0.127406337348, 0.001494144528, -0.056701565235, 0.121476274327, 4.052020106575, 1.725295253360, 0.117961800492, 0.001367383469, -0.026073923881, 0.039171890422, -12.157768186930, 
-0.229645492319, 0.220115913242, 0.007424052488, 0.119868557918, 0.008061252211, 0.059639028723, 0.004013949885, 0.220506606077, 0.026191909822, 0.217446363868, 0.024152659931, 0.220844229311, 0.026317177079, -0.125745043631, 0.819021207551, 0.004046019910, 0.000272316115, -0.012204648625, 0.053150000210, -0.133913518983, 0.721124523690, 0.004003128539, 0.000269790198, -0.008360601062, 0.023494956794, 0.251855072733, 
0.605772569008, 4.052138217978, 0.029862498076, 3.826829687003, 0.056250195038, 2.022283067289, 0.030150390899, 4.078455313386, 0.157410401477, 4.066224595691, 0.151249554752, 4.083205990399, 0.160224173159, 1.306853634411, 2.083446388180, 0.091877197237, 0.001385959745, -0.033254541471, 0.093512314716, 2.189554917716, 2.057856877190, 0.081602254738, 0.001205449622, -0.035252965074, 0.043568994654, -11.125688180221, 
0.359489585226, 1.009317763717, 0.011858149919, 0.894395772694, 0.020934284518, 0.485838125443, 0.011314511761, 1.011146452263, 0.062067889030, 1.007241678666, 0.059135906731, 1.009920788487, 0.064252344593, 0.404327738091, 0.664228408261, 0.030414606376, 0.000706699436, -0.005564970225, 0.040884903845, 0.555172265564, 0.842104461675, 0.025410580354, 0.000592078810, -0.009814282365, 0.023597421181, 1.046224402441, 
0.523565408722, 1.859193505462, 0.019703179809, 1.597042521368, 0.033657525305, 0.899466779255, 0.018958566232, 1.864584502463, 0.078785308191, 1.866851705054, 0.075604886002, 1.856606231431, 0.088649593586, 0.760969468247, 0.790038624566, 0.065222425835, 0.001362423454, -0.011235712755, 0.056099754319, 1.240425552693, 0.776654810912, 0.050032700526, 0.001053541824, -0.011547966413, 0.024080867475, 1.964561286609, 
-0.516346346590, 1.556976705573, 0.017322661261, 1.300967384338, 0.028535318061, 0.818007239355, 0.018001822140, 1.566803905302, 0.075742069205, 1.548712691747, 0.073931578930, 1.562444563186, 0.069629172739, 0.736348751221, 0.604941778886, 0.075222611575, 0.001649477620, -0.009397561608, 0.053899013399, 0.961745996257, 0.943906973955, 0.043886045125, 0.000954963718, -0.011886057691, 0.031412637978, 1.639027521924, 
0.306320572207, 1.099355757224, 0.016890956704, 1.078845726055, 0.032988917198, 0.664686999191, 0.020387379787, 1.097224568033, 0.106700322768, 1.105894046292, 0.118218572011, 1.099331859237, 0.111469704675, 0.164844806128, 1.537582363190, 0.034497964968, 0.001046292626, -0.026019377662, 0.079067536688, -0.718307721543, 2.378853830439, 0.021410501255, 0.000650636389, -0.035605620627, 0.047050210494, -5.352610852741, 
0.177732014880, 0.323111898978, 0.008185501365, 0.291060991461, 0.014790557911, 0.134968655467, 0.006848700339, 0.326397247017, 0.031818771051, 0.328038199172, 0.032586082395, 0.326325261682, 0.032098627449, -0.900127636385, 2.447609772643, 0.005619185954, 0.000287014014, -0.042330082889, 0.099828277964, -1.191438088692, 2.110857135161, 0.006433251256, 0.000327137195, -0.032501086306, 0.046194352921, 0.332781369054, 
0.974652054965, 5.542525032760, 0.034867914834, 4.304104408582, 0.052464677968, 2.022773548921, 0.024218194740, 5.551777743652, 0.153908796328, 5.539174621786, 0.144216292077, 5.532879442576, 0.133232566936, 1.640404870137, 1.384885028829, 0.128056214869, 0.001556702035, -0.026523091043, 0.085671679175, 3.913317179090, 1.009581110186, 0.142347443589, 0.001727860157, -0.014128835201, 0.032973694903, 6.038170024330, 
0.547240045003, 2.606346682623, 0.021564265544, 2.210813742557, 0.036472679923, 1.128009123201, 0.018561034728, 2.592516158695, 0.093435086437, 2.602832150593, 0.097107597459, 2.605609507826, 0.101659175776, 0.558998977846, 1.855487844337, 0.056905571843, 0.000947283816, -0.029203394691, 0.091624338910, 1.436371445904, 1.448910660826, 0.054043164156, 0.000912388587, -0.019209681517, 0.035047214941, 2.735718117012, 
0.716293376777, 2.898840873503, 0.026399005088, 1.797815036517, 0.031146118673, 1.001874140654, 0.017095230125, 2.911397256127, 0.087030620233, 2.902611990192, 0.108999962645, 2.911460743994, 0.096399005644, 0.592174309159, 1.399675679851, 0.062657160206, 0.000988462657, -0.026657616840, 0.085142453005, 0.871125130099, 1.423284478438, 0.049038506948, 0.000822300885, -0.025539645416, 0.038426494987, 3.329707781543, 
-0.765410289747, 2.790297976421, 0.030189950483, 1.342316247312, 0.028622793926, 0.778736087704, 0.016593936120, 2.786703272145, 0.090522022949, 2.777773481747, 0.089492512327, 2.787476777708, 0.088797248121, 0.625617378475, 0.985365164092, 0.048076197067, 0.001016370923, -0.011554042555, 0.057514022568, 0.535620912761, 1.435810860902, 0.033675950574, 0.000713922332, -0.020539667017, 0.035227370483, 3.173887022033, 
0.793207881603, 7.377745660008, 0.037972229985, 6.673088148124, 0.067273088408, 3.525291398744, 0.035183948196, 7.385424112385, 0.192826835107, 7.383056605671, 0.204573256999, 7.379555069178, 0.196778240110, 1.901353176254, 3.444487623043, 0.144239281020, 0.001428399247, -0.067728794116, 0.138644907796, 3.944280772139, 3.163567750704, 0.127775434618, 0.001283549070, -0.052753378564, 0.060196129843, 7.605992422747, 
0.278902448522, 0.434590126567, 0.009108137831, 0.403433387388, 0.016907326076, 0.192751203406, 0.008081516395, 0.434490297891, 0.044092150689, 0.430104658928, 0.049495199314, 0.435239205559, 0.047476435438, 0.148528695166, 0.382423422654, 0.015551903972, 0.000655057052, -0.003784603158, 0.030234505465, 0.326394158133, 0.371382356155, 0.016849908500, 0.000703103830, -0.003343984015, 0.015239497563, 0.445076627055, 
1.100582785626, 7.952425445070, 0.046909260952, 6.083321780832, 0.067680676662, 3.346253480832, 0.036468313484, 7.979810139660, 0.163816080995, 7.973504044848, 0.144466260721, 7.968922508024, 0.175141831883, 3.295018213348, 0.833036929707, 0.214651139322, 0.002281921390, -0.007163327826, 0.051940044910, 5.489941990152, 1.551468634574, 0.174373116668, 0.001859447401, -0.018349771031, 0.043718348226, 8.749146558885, 
-0.599564794985, 3.312741770392, 0.024062428164, 2.697599460614, 0.038011516284, 1.510428656218, 0.021210013012, 3.308825021484, 0.102129037944, 3.309683271218, 0.111242743634, 3.318376823568, 0.094661460529, 0.903315401820, 1.882155107757, 0.076411121758, 0.001071973506, -0.032038821620, 0.092682712683, 0.923585300941, 2.311897991742, 0.059096284827, 0.000813808058, -0.039091105981, 0.050051826411, 3.490329425444, 
0.144005896711, 0.183601703647, 0.005811126869, 0.169178199771, 0.010734832293, 0.077880849561, 0.004949355424, 0.181888709330, 0.027074043990, 0.183461410529, 0.027579775085, 0.179327106381, 0.028307362057, -0.500915717830, 1.642399651565, 0.003787352894, 0.000241388354, -0.027761355613, 0.078558993115, -0.656653641317, 1.451345791382, 0.004415688734, 0.000280283370, -0.021377108734, 0.037485837772, 0.187632402298, 
-0.274631395626, 0.712101797531, 0.010996367891, 0.611395148976, 0.018725917477, 0.294404081046, 0.008983573295, 0.711644702284, 0.050884976418, 0.707362635689, 0.054125764851, 0.713872257733, 0.052195575598, -0.484927068302, 2.046579723557, 0.013190529803, 0.000398261394, -0.034367323322, 0.089407501730, -0.442412791518, 2.001653464969, 0.014019771301, 0.000425023643, -0.024048644384, 0.045345993962, 0.743046841624, 
-0.103915258751, 0.093370104023, 0.004731017316, 0.072500362995, 0.007272275957, 0.035228920233, 0.003531597524, 0.096334262241, 0.016793466234, 0.095264468427, 0.018140143079, 0.096768590895, 0.018559826635, -0.917412954091, 2.237921469093, 0.001577565913, 0.000157589227, -0.041485097655, 0.097355992922, -1.067029288187, 1.804524773681, 0.001648784536, 0.000163749442, -0.025519825508, 0.040378574120, 0.099821579840, 
1.181732853733, 8.849887868813, 0.048537738293, 6.124382484537, 0.064019723980, 3.296206651136, 0.033312184488, 8.834933998804, 0.185531524791, 8.839261126443, 0.170267936401, 8.853788301428, 0.182376690111, 2.905259158532, 1.546848673200, 0.194369859479, 0.001826124119, -0.026330999753, 0.089419519613, 5.390191237957, 1.499807773258, 0.165764881918, 0.001652621766, -0.021462160030, 0.040222962023, 10.064953518827, 
0.112734006759, 0.143310147288, 0.004894607044, 0.139243946075, 0.009480728457, 0.069028938775, 0.004714258282, 0.146477577395, 0.033273196021, 0.144854029161, 0.032373876611, 0.146667733878, 0.032405673654, -0.566337779703, 1.811569034246, 0.002972842088, 0.000204543875, -0.027140368524, 0.077333028457, -1.176897249563, 2.017536437364, 0.003014211975, 0.000205469446, -0.028329425854, 0.043392228261, -2.536619870444
