0.3930 1.6721 0.0150 1.0187 0.0179 1.6415 0.0288 1.6944 0.0958 0.0351 0.0006 0.0003 0.0011
0.3093 1.0914 0.0178 0.6845 0.0233 1.0854 0.0364 1.0340 0.0593 0.0221 0.0008 -0.0006 0.0013
0.2321 0.6318 0.0115 0.3985 0.0147 0.6227 0.0228 0.5765 0.0643 0.0121 0.0004 -0.0002 0.0013
0.1604 0.3142 0.0068 0.2018 0.0087 0.3113 0.0134 0.3055 0.0464 0.0058 0.0003 0.0003 0.0012
0.0935 0.1074 0.0046 0.0681 0.0057 0.1037 0.0088 0.0906 0.0266 0.0018 0.0002 -0.0002 0.0011
0.0308 0.0125 0.0015 0.0084 0.0019 0.0126 0.0029 0.0142 0.0080 0.0002 0.0000 0.0007 0.0017
-0.0282 0.0104 0.0011 0.0068 0.0015 0.0102 0.0023 0.0058 0.0105 0.0002 0.0000 0.0002 0.0006
-0.0839 0.0975 0.0043 0.0657 0.0058 0.0972 0.0086 0.0824 0.0339 0.0015 0.0001 -0.0001 0.0013
-0.1367 0.2668 0.0083 0.1821 0.0115 0.2671 0.0168 0.2536 0.0576 0.0041 0.0003 0.0002 0.0016
-0.1868 0.5069 0.0099 0.3455 0.0134 0.5029 0.0193 0.5364 0.0598 0.0074 0.0003 -0.0002 0.0012
-0.2345 0.8198 0.0139 0.5632 0.0190 0.8138 0.0276 0.7812 0.0721 0.0116 0.0004 0.0001 0.0008
-0.2801 1.2087 0.0154 0.8440 0.0220 1.2111 0.0316 1.1870 0.1299 0.0167 0.0004 0.0001 0.0004
-0.3236 1.6349 0.0157 1.1379 0.0233 1.6221 0.0326 1.6334 0.1808 0.0216 0.0004 0.0004 0.0011
-0.3654 2.1311 0.0159 1.4932 0.0215 2.1157 0.0307 2.1289 0.1939 0.0273 0.0004 -0.0000 0.0008
-0.4055 2.6864 0.0197 1.8964 0.0277 2.6717 0.0387 2.5171 0.1343 0.0335 0.0005 0.0003 0.0016
